128 1572269633 0,000000 0,000000 -101,000000 0,000000 0,000000
128 1572269634 0,000000 0,000000 -101,000000 0,000000 0,000000
128 1572269635 0,000000 0,000000 -101,000000 0,000000 0,000000
128 1572269636 0,000000 0,000000 -101,000000 0,000000 0,000000
128 1572269637 6,000000 0,600000 3,600000 3,600000 -20,200000
128 1572269638 6,000000 0,600000 7,200000 7,200000 -20,200000
128 1572269639 6,000000 0,600000 10,800000 10,800000 -20,200000
128 1572269640 6,000000 0,600000 14,400000 14,400000 -20,200000
128 1572269641 6,000000 0,600000 18,000000 18,000000 -20,200000
128 1572269642 0,000000 0,600000 18,000000 18,000000 -20,200000
128 1572269643 0,000000 0,600000 18,000000 18,000000 -20,200000
128 1572269644 0,000000 0,600000 18,000000 18,000000 -20,200000
128 1572269645 0,000000 0,600000 18,000000 18,000000 -20,200000
128 1572269646 0,000000 0,600000 18,000000 18,000000 -20,200000
128 1572269647 0,000000 0,600000 18,000000 18,000000 -20,200000
128 1572269648 0,000000 0,600000 18,000000 18,000000 -20,200000
128 1572269649 0,000000 0,600000 18,000000 18,000000 -20,200000
128 1572269650 0,000000 0,600000 18,000000 18,000000 -20,200000
128 1572269651 0,000000 0,600000 18,000000 18,000000 -20,200000
128 1572269652 0,000000 0,600000 18,000000 18,000000 -20,200000
128 1572269653 0,000000 0,600000 18,000000 18,000000 -20,200000
128 1572269654 0,000000 0,600000 18,000000 18,000000 -20,200000
128 1572269655 0,000000 0,600000 18,000000 18,000000 -20,200000
128 1572269656 0,000000 0,600000 18,000000 18,000000 -20,200000
128 1572269657 0,000000 0,600000 18,000000 18,000000 -20,200000
128 1572269658 0,000000 0,600000 18,000000 18,000000 -20,200000
128 1572269659 0,000000 0,600000 18,000000 18,000000 -20,200000
128 1572269660 0,000000 0,600000 18,000000 18,000000 -20,200000
128 1572269661 0,000000 0,600000 18,000000 18,000000 -20,200000
128 1572269662 0,000000 0,600000 18,000000 18,000000 -20,200000
128 1572269663 0,000000 0,600000 18,000000 18,000000 -20,200000
128 1572269664 0,000000 0,600000 18,000000 18,000000 -20,200000
128 1572269665 0,000000 0,600000 18,000000 18,000000 -20,200000
128 1572269666 0,000000 0,600000 18,000000 18,000000 -20,200000
128 1572269667 0,000000 0,600000 18,000000 18,000000 -20,200000
128 1572269668 0,000000 0,600000 18,000000 18,000000 -20,200000
128 1572269669 0,000000 0,600000 18,000000 18,000000 -20,200000
128 1572269670 0,000000 0,600000 18,000000 18,000000 -20,200000
128 1572269671 0,000000 0,600000 18,000000 18,000000 -20,200000
128 1572269672 0,000000 0,600000 18,000000 18,000000 -20,200000
128 1572269673 0,000000 0,600000 18,000000 18,000000 -20,200000
128 1572269674 0,000000 0,600000 18,000000 18,000000 -20,200000
128 1572269675 0,000000 0,600000 18,000000 18,000000 -20,200000
128 1572269676 0,000000 0,600000 18,000000 18,000000 -20,200000
128 1572269677 0,000000 0,600000 18,000000 18,000000 -20,200000
128 1572269678 0,000000 0,600000 18,000000 18,000000 -20,200000
128 1572269679 0,000000 0,600000 18,000000 18,000000 -20,200000
128 1572269680 0,000000 0,600000 18,000000 18,000000 -20,200000
128 1572269681 0,000000 0,600000 18,000000 18,000000 -20,200000
128 1572269682 0,000000 0,600000 18,000000 18,000000 -20,200000
128 1572269683 0,000000 0,600000 18,000000 18,000000 -20,200000
128 1572269684 0,000000 0,600000 18,000000 18,000000 -20,200000
128 1572269685 0,000000 0,600000 18,000000 18,000000 -20,200000
128 1572269686 0,000000 0,600000 18,000000 18,000000 -20,200000
128 1572269687 0,000000 0,600000 18,000000 18,000000 -20,200000
128 1572269688 0,000000 0,600000 18,000000 18,000000 -20,200000
128 1572269689 0,000000 0,600000 18,000000 18,000000 -20,200000
128 1572269690 0,000000 0,600000 18,000000 18,000000 -20,200000
128 1572269691 0,000000 0,600000 18,000000 18,000000 -20,200000
128 1572269692 0,000000 0,600000 18,000000 18,000000 -20,200000
128 1572269693 0,000000 0,600000 18,000000 18,000000 -20,200000
128 1572269694 0,000000 0,600000 18,000000 18,000000 -20,200000
128 1572269695 0,000000 0,600000 18,000000 18,000000 -20,200000
128 1572269696 0,000000 0,600000 18,000000 18,000000 -20,200000
128 1572269697 0,000000 0,600000 18,000000 18,000000 -20,200000
128 1572269698 0,000000 0,600000 18,000000 18,000000 -20,200000
128 1572269699 0,000000 0,600000 18,000000 18,000000 -20,200000
128 1572269700 0,000000 0,600000 18,000000 18,000000 -20,200000
128 1572269701 0,000000 0,600000 18,000000 18,000000 -20,200000
128 1572269702 0,000000 0,600000 18,000000 18,000000 -20,200000
128 1572269703 0,000000 0,600000 18,000000 18,000000 -20,200000
128 1572269704 0,000000 0,600000 18,000000 18,000000 -20,200000
128 1572269705 0,000000 0,600000 18,000000 18,000000 -20,200000
128 1572269706 0,000000 0,600000 18,000000 18,000000 -20,200000
128 1572269707 0,000000 0,600000 18,000000 18,000000 -20,200000
128 1572269708 0,000000 0,600000 18,000000 18,000000 -20,200000
128 1572269709 0,000000 0,600000 18,000000 18,000000 -20,200000
128 1572269710 0,000000 0,600000 18,000000 18,000000 -20,200000
128 1572269711 0,000000 0,600000 18,000000 18,000000 -20,200000
128 1572269712 0,000000 0,600000 18,000000 18,000000 -20,200000
128 1572269713 0,000000 0,600000 18,000000 18,000000 -20,200000
128 1572269714 0,000000 0,600000 18,000000 18,000000 -20,200000
128 1572269715 0,000000 0,600000 18,000000 18,000000 -20,200000
128 1572269716 0,000000 0,600000 18,000000 18,000000 -20,200000
128 1572269717 0,000000 0,600000 18,000000 18,000000 -20,200000
128 1572269718 0,000000 0,600000 18,000000 18,000000 -20,200000
128 1572269719 0,000000 0,600000 18,000000 18,000000 -20,200000
128 1572269720 0,000000 0,600000 18,000000 18,000000 -20,200000
128 1572269721 0,000000 0,600000 18,000000 18,000000 -20,200000
128 1572269722 0,000000 0,600000 18,000000 18,000000 -20,200000
128 1572269723 0,000000 0,600000 18,000000 18,000000 -20,200000
128 1572269724 0,000000 0,600000 18,000000 18,000000 -20,200000
128 1572269725 0,000000 0,600000 18,000000 18,000000 -20,200000
128 1572269726 0,000000 0,600000 18,000000 18,000000 -20,200000
128 1572269727 0,000000 0,600000 18,000000 18,000000 -20,200000
128 1572269728 0,000000 0,600000 18,000000 18,000000 -20,200000
128 1572269729 0,000000 0,600000 18,000000 18,000000 -20,200000
128 1572269730 0,000000 0,600000 18,000000 18,000000 -20,200000
128 1572269731 0,000000 0,600000 18,000000 18,000000 -20,200000
128 1572269732 0,000000 0,600000 18,000000 18,000000 -20,200000
128 1572269733 0,000000 0,600000 18,000000 18,000000 -20,200000
128 1572269734 0,000000 0,600000 18,000000 18,000000 -20,200000
128 1572269735 0,000000 0,600000 18,000000 18,000000 -20,200000
128 1572269736 0,000000 0,600000 18,000000 18,000000 -20,200000
128 1572269737 0,000000 0,600000 18,000000 18,000000 -20,200000
128 1572269738 0,000000 0,600000 18,000000 18,000000 -20,200000
128 1572269739 0,000000 0,600000 18,000000 18,000000 -20,200000
128 1572269740 0,000000 0,600000 18,000000 18,000000 -20,200000
128 1572269741 0,000000 0,600000 18,000000 18,000000 -20,200000
128 1572269742 0,000000 0,600000 18,000000 18,000000 -20,200000
128 1572269743 0,000000 0,600000 18,000000 18,000000 -20,200000
128 1572269744 0,000000 0,600000 18,000000 18,000000 -20,200000
128 1572269745 0,000000 0,600000 18,000000 18,000000 -20,200000
128 1572269746 0,000000 0,600000 18,000000 18,000000 -20,200000
128 1572269747 0,000000 0,600000 18,000000 18,000000 -20,200000
128 1572269748 0,000000 0,600000 18,000000 18,000000 -20,200000
128 1572269749 0,000000 0,600000 18,000000 18,000000 -20,200000
128 1572269750 0,000000 0,600000 18,000000 18,000000 -20,200000
128 1572269751 0,000000 0,600000 18,000000 18,000000 -20,200000
128 1572269752 0,000000 0,600000 18,000000 18,000000 -20,200000
128 1572269753 0,000000 0,600000 18,000000 18,000000 -20,200000
128 1572269754 0,000000 0,600000 18,000000 18,000000 -20,200000
128 1572269755 0,000000 0,600000 18,000000 18,000000 -20,200000
128 1572269756 0,000000 0,600000 18,000000 18,000000 -20,200000
128 1572269757 0,000000 1,200000 18,000000 18,000000 -20,200000
128 1572269758 0,000000 1,200000 18,000000 18,000000 -20,200000
128 1572269759 0,000000 1,200000 18,000000 18,000000 -20,200000
128 1572269760 0,000000 1,200000 18,000000 18,000000 -20,200000
128 1572269761 0,000000 1,200000 18,000000 18,000000 -20,200000
128 1572269762 0,000000 1,200000 18,000000 18,000000 -20,200000
128 1572269763 0,000000 1,200000 18,000000 18,000000 -20,200000
128 1572269764 0,000000 1,200000 18,000000 18,000000 -20,200000
128 1572269765 0,000000 1,200000 18,000000 18,000000 -20,200000
128 1572269766 0,000000 1,200000 18,000000 18,000000 -20,200000
128 1572269767 0,000000 1,200000 18,000000 18,000000 -20,200000
128 1572269768 0,000000 1,200000 18,000000 18,000000 -20,200000
128 1572269769 0,000000 1,200000 18,000000 18,000000 -20,200000
128 1572269770 0,000000 1,200000 18,000000 18,000000 -20,200000
128 1572269771 0,000000 1,200000 18,000000 18,000000 -20,200000
128 1572269772 0,000000 1,200000 18,000000 18,000000 -20,200000
128 1572269773 0,000000 1,200000 18,000000 18,000000 -20,200000
128 1572269774 0,000000 1,200000 18,000000 18,000000 -20,200000
128 1572269775 0,000000 1,200000 18,000000 18,000000 -20,200000
128 1572269776 0,000000 1,200000 18,000000 18,000000 -20,200000
128 1572269777 0,000000 1,200000 18,000000 18,000000 -20,200000
128 1572269778 0,000000 1,200000 18,000000 18,000000 -20,200000
128 1572269779 0,000000 1,200000 18,000000 18,000000 -20,200000
128 1572269780 0,000000 1,200000 18,000000 18,000000 -20,200000
128 1572269781 0,000000 1,200000 18,000000 18,000000 -20,200000
128 1572269782 0,000000 1,200000 18,000000 18,000000 -20,200000
128 1572269783 0,000000 1,200000 18,000000 18,000000 -20,200000
128 1572269784 0,000000 1,200000 18,000000 18,000000 -20,200000
128 1572269785 0,000000 1,200000 18,000000 18,000000 -20,200000
128 1572269786 0,000000 1,200000 18,000000 18,000000 -20,200000
128 1572269787 0,000000 1,200000 18,000000 18,000000 -20,200000
128 1572269788 0,000000 1,200000 18,000000 18,000000 -20,200000
128 1572269789 0,000000 1,200000 18,000000 18,000000 -20,200000
128 1572269790 0,000000 1,200000 18,000000 18,000000 -20,200000
128 1572269791 0,000000 1,200000 18,000000 18,000000 -20,200000
128 1572269792 0,000000 1,200000 18,000000 18,000000 -20,200000
128 1572269793 0,000000 1,200000 18,000000 18,000000 -20,200000
128 1572269794 0,000000 1,200000 18,000000 18,000000 -20,200000
128 1572269795 0,000000 1,200000 18,000000 18,000000 -20,200000
128 1572269796 0,000000 1,200000 18,000000 18,000000 -20,200000
128 1572269797 0,000000 1,200000 18,000000 18,000000 -20,200000
128 1572269798 0,000000 1,200000 18,000000 18,000000 -20,200000
128 1572269799 0,000000 1,200000 18,000000 18,000000 -20,200000
128 1572269800 0,000000 1,200000 18,000000 18,000000 -20,200000
128 1572269801 0,000000 1,200000 18,000000 18,000000 -20,200000
128 1572269802 0,000000 1,200000 18,000000 18,000000 -20,200000
128 1572269803 0,000000 1,200000 18,000000 18,000000 -20,200000
128 1572269804 0,000000 1,200000 18,000000 18,000000 -20,200000
128 1572269805 0,000000 1,200000 18,000000 18,000000 -20,200000
128 1572269806 0,000000 1,200000 18,000000 18,000000 -20,200000
128 1572269807 0,000000 1,200000 18,000000 18,000000 -20,200000
128 1572269808 0,000000 1,200000 18,000000 18,000000 -20,200000
128 1572269809 0,000000 1,200000 18,000000 18,000000 -20,200000
128 1572269810 0,000000 1,200000 18,000000 18,000000 -20,200000
128 1572269811 0,000000 1,200000 18,000000 18,000000 -20,200000
128 1572269812 0,000000 1,200000 18,000000 18,000000 -20,200000
128 1572269813 0,000000 1,200000 18,000000 18,000000 -20,200000
128 1572269814 0,000000 1,200000 18,000000 18,000000 -20,200000
128 1572269815 0,000000 1,200000 18,000000 18,000000 -20,200000
128 1572269816 0,000000 1,200000 18,000000 18,000000 -20,200000
128 1572269817 0,000000 1,200000 18,000000 18,000000 -20,200000
128 1572269818 0,000000 1,200000 18,000000 18,000000 -20,200000
128 1572269819 0,000000 1,200000 18,000000 18,000000 -20,200000
128 1572269820 0,000000 1,200000 18,000000 18,000000 -20,200000
128 1572269821 0,000000 1,200000 18,000000 18,000000 -20,200000
128 1572269822 0,000000 1,200000 18,000000 18,000000 -20,200000
128 1572269823 0,000000 1,200000 18,000000 18,000000 -20,200000
128 1572269824 0,000000 1,200000 18,000000 18,000000 -20,200000
128 1572269825 0,000000 1,200000 18,000000 18,000000 -20,200000
128 1572269826 0,000000 1,200000 18,000000 18,000000 -20,200000
128 1572269827 0,000000 1,200000 18,000000 18,000000 -20,200000
128 1572269828 0,000000 1,200000 18,000000 18,000000 -20,200000
128 1572269829 0,000000 1,200000 18,000000 18,000000 -20,200000
128 1572269830 0,000000 1,200000 18,000000 18,000000 -20,200000
128 1572269831 0,000000 1,200000 18,000000 18,000000 -20,200000
128 1572269832 0,000000 1,200000 18,000000 18,000000 -20,200000
128 1572269833 0,000000 1,200000 18,000000 18,000000 -20,200000
128 1572269834 0,000000 1,200000 18,000000 18,000000 -20,200000
128 1572269835 0,000000 1,200000 18,000000 18,000000 -20,200000
128 1572269836 0,000000 1,200000 18,000000 18,000000 -20,200000
128 1572269837 0,000000 1,200000 18,000000 18,000000 -20,200000
128 1572269838 0,000000 1,200000 18,000000 18,000000 -20,200000
128 1572269839 0,000000 1,200000 18,000000 18,000000 -20,200000
128 1572269840 0,000000 1,200000 18,000000 18,000000 -20,200000
128 1572269841 0,000000 1,200000 18,000000 18,000000 -20,200000
128 1572269842 0,000000 1,200000 18,000000 18,000000 -20,200000
128 1572269843 0,000000 1,200000 18,000000 18,000000 -20,200000
128 1572269844 0,000000 1,200000 18,000000 18,000000 -20,200000
128 1572269845 0,000000 1,200000 18,000000 18,000000 -20,200000
128 1572269846 0,000000 1,200000 18,000000 18,000000 -20,200000
128 1572269847 0,000000 1,200000 18,000000 18,000000 -20,200000
128 1572269848 0,000000 1,200000 18,000000 18,000000 -20,200000
128 1572269849 0,000000 1,200000 18,000000 18,000000 -20,200000
128 1572269850 0,000000 1,200000 18,000000 18,000000 -20,200000
128 1572269851 0,000000 1,200000 18,000000 18,000000 -20,200000
128 1572269852 0,000000 1,200000 18,000000 18,000000 -20,200000
128 1572269853 0,000000 1,200000 18,000000 18,000000 -20,200000
128 1572269854 0,000000 1,200000 18,000000 18,000000 -20,200000
128 1572269855 0,000000 1,200000 18,000000 18,000000 -20,200000
128 1572269856 0,000000 1,200000 18,000000 18,000000 -20,200000
128 1572269857 0,000000 1,200000 18,000000 18,000000 -20,200000
128 1572269858 0,000000 1,200000 18,000000 18,000000 -20,200000
128 1572269859 0,000000 1,200000 18,000000 18,000000 -20,200000
128 1572269860 0,000000 1,200000 18,000000 18,000000 -20,200000
128 1572269861 0,000000 1,200000 18,000000 18,000000 -20,200000
128 1572269862 0,000000 1,200000 18,000000 18,000000 -20,200000
128 1572269863 0,000000 1,200000 18,000000 18,000000 -20,200000
128 1572269864 0,000000 1,200000 18,000000 18,000000 -20,200000
128 1572269865 0,000000 1,200000 18,000000 18,000000 -20,200000
128 1572269866 0,000000 1,200000 18,000000 18,000000 -20,200000
128 1572269867 0,000000 1,200000 18,000000 18,000000 -20,200000
128 1572269868 0,000000 1,200000 18,000000 18,000000 -20,200000
128 1572269869 0,000000 1,200000 18,000000 18,000000 -20,200000
128 1572269870 0,000000 1,200000 18,000000 18,000000 -20,200000
128 1572269871 0,000000 1,200000 18,000000 18,000000 -20,200000
128 1572269872 0,000000 1,200000 18,000000 18,000000 -20,200000
128 1572269873 0,000000 1,200000 18,000000 18,000000 -20,200000
128 1572269874 0,000000 1,200000 18,000000 18,000000 -20,200000
128 1572269875 0,000000 1,200000 18,000000 18,000000 -20,200000
128 1572269876 0,000000 1,200000 18,000000 18,000000 -20,200000
128 1572269877 0,000000 1,800000 18,000000 18,000000 -20,200000
128 1572269878 0,000000 1,800000 18,000000 18,000000 -20,200000
128 1572269879 0,000000 1,800000 18,000000 18,000000 -20,200000
128 1572269880 0,000000 1,800000 18,000000 18,000000 -20,200000
128 1572269881 0,000000 1,800000 18,000000 18,000000 -20,200000
128 1572269882 0,000000 1,800000 18,000000 18,000000 -20,200000
128 1572269883 0,000000 1,800000 18,000000 18,000000 -20,200000
128 1572269884 0,000000 1,800000 18,000000 18,000000 -20,200000
128 1572269885 0,000000 1,800000 18,000000 18,000000 -20,200000
128 1572269886 0,000000 1,800000 18,000000 18,000000 -20,200000
128 1572269887 0,000000 1,800000 18,000000 18,000000 -20,200000
128 1572269888 0,000000 1,800000 18,000000 18,000000 -20,200000
128 1572269889 0,000000 1,800000 18,000000 18,000000 -20,200000
128 1572269890 0,000000 1,800000 18,000000 18,000000 -20,200000
128 1572269891 0,000000 1,800000 18,000000 18,000000 -20,200000
128 1572269892 0,000000 1,800000 18,000000 18,000000 -20,200000
128 1572269893 0,000000 1,800000 18,000000 18,000000 -20,200000
128 1572269894 0,000000 1,800000 18,000000 18,000000 -20,200000
128 1572269895 0,000000 1,800000 18,000000 18,000000 -20,200000
128 1572269896 0,000000 1,800000 18,000000 18,000000 -20,200000
128 1572269897 0,000000 1,800000 18,000000 18,000000 -20,200000
128 1572269898 0,000000 1,800000 18,000000 18,000000 -20,200000
128 1572269899 0,000000 1,800000 18,000000 18,000000 -20,200000
128 1572269900 0,000000 1,800000 18,000000 18,000000 -20,200000
128 1572269901 0,000000 1,800000 18,000000 18,000000 -20,200000
128 1572269902 0,000000 1,800000 18,000000 18,000000 -20,200000
128 1572269903 0,000000 1,800000 18,000000 18,000000 -20,200000
128 1572269904 0,000000 1,800000 18,000000 18,000000 -20,200000
128 1572269905 0,000000 1,800000 18,000000 18,000000 -20,200000
128 1572269906 0,000000 1,800000 18,000000 18,000000 -20,200000
128 1572269907 0,000000 1,800000 18,000000 18,000000 -20,200000
128 1572269908 0,000000 1,800000 18,000000 18,000000 -20,200000
128 1572269909 0,000000 1,800000 18,000000 18,000000 -20,200000
128 1572269910 0,000000 1,800000 18,000000 18,000000 -20,200000
128 1572269911 0,000000 1,800000 18,000000 18,000000 -20,200000
128 1572269912 0,000000 1,800000 18,000000 18,000000 -20,200000
128 1572269913 0,000000 1,800000 18,000000 18,000000 -20,200000
128 1572269914 0,000000 1,800000 18,000000 18,000000 -20,200000
128 1572269915 0,000000 1,800000 18,000000 18,000000 -20,200000
128 1572269916 0,000000 1,800000 18,000000 18,000000 -20,200000
128 1572269917 0,000000 1,800000 18,000000 18,000000 -20,200000
128 1572269918 0,000000 1,800000 18,000000 18,000000 -20,200000
128 1572269919 0,000000 1,800000 18,000000 18,000000 -20,200000
128 1572269920 0,000000 1,800000 18,000000 18,000000 -20,200000
128 1572269921 0,000000 1,800000 18,000000 18,000000 -20,200000
128 1572269922 0,000000 1,800000 18,000000 18,000000 -20,200000
128 1572269923 0,000000 1,800000 18,000000 18,000000 -20,200000
128 1572269924 0,000000 1,800000 18,000000 18,000000 -20,200000
128 1572269925 0,000000 1,800000 18,000000 18,000000 -20,200000
128 1572269926 0,000000 1,800000 18,000000 18,000000 -20,200000
128 1572269927 0,000000 1,800000 18,000000 18,000000 -20,200000
128 1572269928 0,000000 1,800000 18,000000 18,000000 -20,200000
128 1572269929 0,000000 1,800000 18,000000 18,000000 -20,200000
128 1572269930 0,000000 1,800000 18,000000 18,000000 -20,200000
128 1572269931 0,000000 1,800000 18,000000 18,000000 -20,200000
128 1572269932 0,000000 1,800000 18,000000 18,000000 -20,200000
128 1572269933 0,000000 1,800000 18,000000 18,000000 -20,200000
128 1572269934 0,000000 1,800000 18,000000 18,000000 -20,200000
128 1572269935 0,000000 1,800000 18,000000 18,000000 -20,200000
128 1572269936 0,000000 1,800000 18,000000 18,000000 -20,200000
128 1572269937 0,000000 1,800000 18,000000 18,000000 -20,200000
128 1572269938 0,000000 1,800000 18,000000 18,000000 -20,200000
128 1572269939 0,000000 1,800000 18,000000 18,000000 -20,200000
128 1572269940 0,000000 1,800000 18,000000 18,000000 -20,200000
128 1572269941 0,000000 1,800000 18,000000 18,000000 -20,200000
128 1572269942 0,000000 1,800000 18,000000 18,000000 -20,200000
128 1572269943 0,000000 1,800000 18,000000 18,000000 -20,200000
128 1572269944 0,000000 1,800000 18,000000 18,000000 -20,200000
128 1572269945 0,000000 1,800000 18,000000 18,000000 -20,200000
128 1572269946 0,000000 1,800000 18,000000 18,000000 -20,200000
128 1572269947 0,000000 1,800000 18,000000 18,000000 -20,200000
128 1572269948 0,000000 1,800000 18,000000 18,000000 -20,200000
128 1572269949 0,000000 1,800000 18,000000 18,000000 -20,200000
128 1572269950 0,000000 1,800000 18,000000 18,000000 -20,200000
128 1572269951 0,000000 1,800000 18,000000 18,000000 -20,200000
128 1572269952 0,000000 1,800000 18,000000 18,000000 -20,200000
128 1572269953 0,000000 1,800000 18,000000 18,000000 -20,200000
128 1572269954 0,000000 1,800000 18,000000 18,000000 -20,200000
128 1572269955 0,000000 1,800000 18,000000 18,000000 -20,200000
128 1572269956 0,000000 1,800000 18,000000 18,000000 -20,200000
128 1572269957 0,000000 1,800000 18,000000 18,000000 -20,200000
128 1572269958 0,000000 1,800000 18,000000 18,000000 -20,200000
128 1572269959 0,000000 1,800000 18,000000 18,000000 -20,200000
128 1572269960 0,000000 1,800000 18,000000 18,000000 -20,200000
128 1572269961 0,000000 1,800000 18,000000 18,000000 -20,200000
128 1572269962 0,000000 1,800000 18,000000 18,000000 -20,200000
128 1572269963 0,000000 1,800000 18,000000 18,000000 -20,200000
128 1572269964 0,000000 1,800000 18,000000 18,000000 -20,200000
128 1572269965 0,000000 1,800000 18,000000 18,000000 -20,200000
128 1572269966 0,000000 1,800000 18,000000 18,000000 -20,200000
128 1572269967 0,000000 1,800000 18,000000 18,000000 -20,200000
128 1572269968 0,000000 1,800000 18,000000 18,000000 -20,200000
128 1572269969 0,000000 1,800000 18,000000 18,000000 -20,200000
128 1572269970 0,000000 1,800000 18,000000 18,000000 -20,200000
128 1572269971 0,000000 1,800000 18,000000 18,000000 -20,200000
128 1572269972 0,000000 1,800000 18,000000 18,000000 -20,200000
128 1572269973 0,000000 1,800000 18,000000 18,000000 -20,200000
128 1572269974 0,000000 1,800000 18,000000 18,000000 -20,200000
128 1572269975 0,000000 1,800000 18,000000 18,000000 -20,200000
128 1572269976 0,000000 1,800000 18,000000 18,000000 -20,200000
128 1572269977 0,000000 1,800000 18,000000 18,000000 -20,200000
128 1572269978 0,000000 1,800000 18,000000 18,000000 -20,200000
128 1572269979 0,000000 1,800000 18,000000 18,000000 -20,200000
128 1572269980 0,000000 1,800000 18,000000 18,000000 -20,200000
128 1572269981 0,000000 1,800000 18,000000 18,000000 -20,200000
128 1572269982 0,000000 1,800000 18,000000 18,000000 -20,200000
128 1572269983 0,000000 1,800000 18,000000 18,000000 -20,200000
128 1572269984 0,000000 1,800000 18,000000 18,000000 -20,200000
128 1572269985 0,000000 1,800000 18,000000 18,000000 -20,200000
128 1572269986 0,000000 1,800000 18,000000 18,000000 -20,200000
128 1572269987 0,000000 1,800000 18,000000 18,000000 -20,200000
128 1572269988 0,000000 1,800000 18,000000 18,000000 -20,200000
128 1572269989 0,000000 1,800000 18,000000 18,000000 -20,200000
128 1572269990 0,000000 1,800000 18,000000 18,000000 -20,200000
128 1572269991 0,000000 1,800000 18,000000 18,000000 -20,200000
128 1572269992 0,000000 1,800000 18,000000 18,000000 -20,200000
128 1572269993 0,000000 1,800000 18,000000 18,000000 -20,200000
128 1572269994 0,000000 1,800000 18,000000 18,000000 -20,200000
128 1572269995 0,000000 1,800000 18,000000 18,000000 -20,200000
128 1572269996 0,000000 1,800000 18,000000 18,000000 -20,200000
128 1572269997 0,000000 2,400000 18,000000 18,000000 -20,200000
128 1572269998 0,000000 2,400000 18,000000 18,000000 -20,200000
128 1572269999 0,000000 2,400000 18,000000 18,000000 -20,200000
128 1572270000 0,000000 2,400000 18,000000 18,000000 -20,200000
128 1572270001 0,000000 2,400000 18,000000 18,000000 -20,200000
128 1572270002 0,000000 2,400000 18,000000 18,000000 -20,200000
128 1572270003 0,000000 2,400000 18,000000 18,000000 -20,200000
128 1572270004 0,000000 2,400000 18,000000 18,000000 -20,200000
128 1572270005 0,000000 2,400000 18,000000 18,000000 -20,200000
128 1572270006 0,000000 2,400000 18,000000 18,000000 -20,200000
128 1572270007 0,000000 2,400000 18,000000 18,000000 -20,200000
128 1572270008 0,000000 2,400000 18,000000 18,000000 -20,200000
128 1572270009 0,000000 2,400000 18,000000 18,000000 -20,200000
128 1572270010 0,000000 2,400000 18,000000 18,000000 -20,200000
128 1572270011 0,000000 2,400000 18,000000 18,000000 -20,200000
128 1572270012 0,000000 2,400000 18,000000 18,000000 -20,200000
128 1572270013 0,000000 2,400000 18,000000 18,000000 -20,200000
128 1572270014 0,000000 2,400000 18,000000 18,000000 -20,200000
128 1572270015 0,000000 2,400000 18,000000 18,000000 -20,200000
128 1572270016 0,000000 2,400000 18,000000 18,000000 -20,200000
128 1572270017 0,000000 2,400000 18,000000 18,000000 -20,200000
128 1572270018 0,000000 2,400000 18,000000 18,000000 -20,200000
128 1572270019 0,000000 2,400000 18,000000 18,000000 -20,200000
128 1572270020 0,000000 2,400000 18,000000 18,000000 -20,200000
128 1572270021 0,000000 2,400000 18,000000 18,000000 -20,200000
128 1572270022 0,000000 2,400000 18,000000 18,000000 -20,200000
128 1572270023 0,000000 2,400000 18,000000 18,000000 -20,200000
128 1572270024 0,000000 2,400000 18,000000 18,000000 -20,200000
128 1572270025 0,000000 2,400000 18,000000 18,000000 -20,200000
128 1572270026 0,000000 2,400000 18,000000 18,000000 -20,200000
128 1572270027 0,000000 2,400000 18,000000 18,000000 -20,200000
128 1572270028 0,000000 2,400000 18,000000 18,000000 -20,200000
128 1572270029 0,000000 2,400000 18,000000 18,000000 -20,200000
128 1572270030 0,000000 2,400000 18,000000 18,000000 -20,200000
128 1572270031 0,000000 2,400000 18,000000 18,000000 -20,200000
128 1572270032 0,000000 2,400000 18,000000 18,000000 -20,200000
128 1572270033 0,000000 2,400000 18,000000 18,000000 -20,200000
128 1572270034 0,000000 2,400000 18,000000 18,000000 -20,200000
128 1572270035 0,000000 2,400000 18,000000 18,000000 -20,200000
128 1572270036 0,000000 2,400000 18,000000 18,000000 -20,200000
128 1572270037 0,000000 2,400000 18,000000 18,000000 -20,200000
128 1572270038 0,000000 2,400000 18,000000 18,000000 -20,200000
128 1572270039 0,000000 2,400000 18,000000 18,000000 -20,200000
128 1572270040 0,000000 2,400000 18,000000 18,000000 -20,200000
128 1572270041 0,000000 2,400000 18,000000 18,000000 -20,200000
128 1572270042 0,000000 2,400000 18,000000 18,000000 -20,200000
128 1572270043 0,000000 2,400000 18,000000 18,000000 -20,200000
128 1572270044 0,000000 2,400000 18,000000 18,000000 -20,200000
128 1572270045 0,000000 2,400000 18,000000 18,000000 -20,200000
128 1572270046 0,000000 2,400000 18,000000 18,000000 -20,200000
128 1572270047 0,000000 2,400000 18,000000 18,000000 -20,200000
128 1572270048 0,000000 2,400000 18,000000 18,000000 -20,200000
128 1572270049 0,000000 2,400000 18,000000 18,000000 -20,200000
128 1572270050 0,000000 2,400000 18,000000 18,000000 -20,200000
128 1572270051 0,000000 2,400000 18,000000 18,000000 -20,200000
128 1572270052 0,000000 2,400000 18,000000 18,000000 -20,200000
128 1572270053 0,000000 2,400000 18,000000 18,000000 -20,200000
128 1572270054 0,000000 2,400000 18,000000 18,000000 -20,200000
128 1572270055 0,000000 2,400000 18,000000 18,000000 -20,200000
128 1572270056 0,000000 2,400000 18,000000 18,000000 -20,200000
128 1572270057 0,000000 2,400000 18,000000 18,000000 -20,200000
128 1572270058 0,000000 2,400000 18,000000 18,000000 -20,200000
128 1572270059 0,000000 2,400000 18,000000 18,000000 -20,200000
128 1572270121 0,000000 0,200000 18,000000 18,000000 2040,200000
128 1572270120 0,000000 0,200000 18,000000 18,000000 2040,200000
128 1572270119 0,000000 0,200000 18,000000 18,000000 2040,200000
128 1572270118 0,000000 0,200000 18,000000 18,000000 2040,200000
128 1572270117 0,000000 0,200000 18,000000 18,000000 2040,200000
128 1572270116 0,000000 0,200000 18,000000 18,000000 2040,200000
128 1572270115 0,000000 0,200000 18,000000 18,000000 2040,200000
128 1572270114 0,000000 0,200000 18,000000 18,000000 2040,200000
128 1572270113 0,000000 0,200000 18,000000 18,000000 2040,200000
128 1572270112 0,000000 0,200000 18,000000 18,000000 2040,200000
128 1572270111 0,000000 0,200000 18,000000 18,000000 2040,200000
128 1572270110 0,000000 0,200000 18,000000 18,000000 2040,200000
128 1572270109 0,000000 0,200000 18,000000 18,000000 2040,200000
128 1572270108 0,000000 0,200000 18,000000 18,000000 2040,200000
128 1572270107 0,000000 0,200000 18,000000 18,000000 2040,200000
128 1572270106 0,000000 0,200000 18,000000 18,000000 2040,200000
128 1572270105 0,000000 0,200000 18,000000 18,000000 2040,200000
128 1572270104 0,000000 0,200000 18,000000 18,000000 2040,200000
128 1572270103 0,000000 0,200000 18,000000 18,000000 2040,200000
128 1572270102 0,000000 0,200000 18,000000 18,000000 2040,200000
128 1572270101 0,000000 0,200000 18,000000 18,000000 2040,200000
128 1572270100 0,000000 0,200000 18,000000 18,000000 2040,200000
128 1572270099 0,000000 0,200000 18,000000 18,000000 2040,200000
128 1572270098 0,000000 0,200000 18,000000 18,000000 2040,200000
128 1572270097 0,000000 0,200000 18,000000 18,000000 2040,200000
128 1572270096 0,000000 0,200000 18,000000 18,000000 2040,200000
128 1572270095 0,000000 0,200000 18,000000 18,000000 2040,200000
128 1572270094 0,000000 0,200000 18,000000 18,000000 2040,200000
128 1572270093 0,000000 0,200000 18,000000 18,000000 2040,200000
128 1572270092 0,000000 0,200000 18,000000 18,000000 2040,200000
128 1572270091 0,000000 0,200000 18,000000 18,000000 2040,200000
128 1572270090 0,000000 0,200000 18,000000 18,000000 2040,200000
128 1572270089 0,000000 0,200000 18,000000 18,000000 2040,200000
128 1572270088 0,000000 0,200000 18,000000 18,000000 2040,200000
128 1572270087 0,000000 0,200000 18,000000 18,000000 2040,200000
128 1572270086 0,000000 0,200000 18,000000 18,000000 2040,200000
128 1572270085 0,000000 0,200000 18,000000 18,000000 2040,200000
128 1572270084 0,000000 0,200000 18,000000 18,000000 2040,200000
128 1572270083 0,000000 0,200000 18,000000 18,000000 2040,200000
128 1572270082 0,000000 0,200000 18,000000 18,000000 2040,200000
128 1572270081 0,000000 0,200000 18,000000 18,000000 2040,200000
128 1572270080 0,000000 0,200000 18,000000 18,000000 2040,200000
128 1572270079 0,000000 0,200000 18,000000 18,000000 2040,200000
128 1572270078 0,000000 0,200000 18,000000 18,000000 2040,200000
128 1572270077 0,000000 0,200000 18,000000 18,000000 2040,200000
128 1572270076 0,000000 0,200000 18,000000 18,000000 2040,200000
128 1572270075 0,000000 0,200000 18,000000 18,000000 2040,200000
128 1572270074 0,000000 0,200000 18,000000 18,000000 2040,200000
128 1572270073 0,000000 0,200000 18,000000 18,000000 2040,200000
128 1572270072 0,000000 0,200000 18,000000 18,000000 2040,200000
128 1572270071 0,000000 0,200000 18,000000 18,000000 2040,200000
128 1572270070 0,000000 0,200000 18,000000 18,000000 2040,200000
128 1572270069 0,000000 0,200000 18,000000 18,000000 2040,200000
128 1572270068 0,000000 0,200000 18,000000 18,000000 2040,200000
128 1572270067 0,000000 0,200000 18,000000 18,000000 2040,200000
128 1572270066 0,000000 0,200000 18,000000 18,000000 2040,200000
128 1572270065 0,000000 0,200000 18,000000 18,000000 2040,200000
128 1572270064 0,000000 0,200000 18,000000 18,000000 2040,200000
128 1572270063 0,000000 0,200000 18,000000 18,000000 2040,200000
128 1572270062 0,000000 0,200000 18,000000 18,000000 2040,200000
128 1572270061 0,000000 0,200000 18,000000 18,000000 2040,200000
128 1572270060 0,000000 0,200000 18,000000 18,000000 2040,200000
128 1572270060 0,000000 2,400000 18,000000 18,000000 -20,200000
128 1572270061 0,000000 2,400000 18,000000 18,000000 -20,200000
128 1572270062 0,000000 2,400000 18,000000 18,000000 -20,200000
128 1572270063 0,000000 2,400000 18,000000 18,000000 -20,200000
128 1572270064 0,000000 2,400000 18,000000 18,000000 -20,200000
128 1572270065 0,000000 2,400000 18,000000 18,000000 -20,200000
128 1572270066 0,000000 2,400000 18,000000 18,000000 -20,200000
128 1572270067 0,000000 2,400000 18,000000 18,000000 -20,200000
128 1572270068 0,000000 2,400000 18,000000 18,000000 -20,200000
128 1572270069 0,000000 2,400000 18,000000 18,000000 -20,200000
128 1572270070 0,000000 2,400000 18,000000 18,000000 -20,200000
128 1572270071 0,000000 2,400000 18,000000 18,000000 -20,200000
128 1572270072 0,000000 2,400000 18,000000 18,000000 -20,200000
128 1572270073 0,000000 2,400000 18,000000 18,000000 -20,200000
128 1572270074 0,000000 2,400000 18,000000 18,000000 -20,200000
128 1572270075 0,000000 2,400000 18,000000 18,000000 -20,200000
128 1572270076 0,000000 2,400000 18,000000 18,000000 -20,200000
128 1572270077 0,000000 2,400000 18,000000 18,000000 -20,200000
128 1572270078 0,000000 2,400000 18,000000 18,000000 -20,200000
128 1572270079 0,000000 2,400000 18,000000 18,000000 -20,200000
128 1572270080 0,000000 2,400000 18,000000 18,000000 -20,200000
128 1572270081 0,000000 2,400000 18,000000 18,000000 -20,200000
128 1572270082 0,000000 2,400000 18,000000 18,000000 -20,200000
128 1572270083 0,000000 2,400000 18,000000 18,000000 -20,200000
128 1572270084 0,000000 2,400000 18,000000 18,000000 -20,200000
128 1572270085 0,000000 2,400000 18,000000 18,000000 -20,200000
128 1572270086 0,000000 2,400000 18,000000 18,000000 -20,200000
128 1572270087 0,000000 2,400000 18,000000 18,000000 -20,200000
128 1572270088 0,000000 2,400000 18,000000 18,000000 -20,200000
128 1572270089 0,000000 2,400000 18,000000 18,000000 -20,200000
128 1572270090 0,000000 2,400000 18,000000 18,000000 -20,200000
128 1572270091 0,000000 2,400000 18,000000 18,000000 -20,200000
128 1572270092 0,000000 2,400000 18,000000 18,000000 -20,200000
128 1572270093 0,000000 2,400000 18,000000 18,000000 -20,200000
128 1572270094 0,000000 2,400000 18,000000 18,000000 -20,200000
128 1572270095 0,000000 2,400000 18,000000 18,000000 -20,200000
128 1572270096 0,000000 2,400000 18,000000 18,000000 -20,200000
128 1572270097 0,000000 2,400000 18,000000 18,000000 -20,200000
128 1572270098 0,000000 2,400000 18,000000 18,000000 -20,200000
128 1572270099 0,000000 2,400000 18,000000 18,000000 -20,200000
128 1572270100 0,000000 2,400000 18,000000 18,000000 -20,200000
128 1572270101 0,000000 2,400000 18,000000 18,000000 -20,200000
128 1572270102 0,000000 2,400000 18,000000 18,000000 -20,200000
128 1572270103 0,000000 2,400000 18,000000 18,000000 -20,200000
128 1572270104 0,000000 2,400000 18,000000 18,000000 -20,200000
128 1572270105 0,000000 2,400000 18,000000 18,000000 -20,200000
128 1572270106 0,000000 2,400000 18,000000 18,000000 -20,200000
128 1572270107 0,000000 2,400000 18,000000 18,000000 -20,200000
128 1572270108 0,000000 2,400000 18,000000 18,000000 -20,200000
128 1572270109 0,000000 2,400000 18,000000 18,000000 -20,200000
128 1572270110 0,000000 2,400000 18,000000 18,000000 -20,200000
128 1572270111 0,000000 2,400000 18,000000 18,000000 -20,200000
128 1572270112 0,000000 2,400000 18,000000 18,000000 -20,200000
128 1572270113 0,000000 2,400000 18,000000 18,000000 -20,200000
128 1572270114 0,000000 2,400000 18,000000 18,000000 -20,200000
128 1572270115 0,000000 2,400000 18,000000 18,000000 -20,200000
128 1572270116 0,000000 2,400000 18,000000 18,000000 -20,200000
128 1572270117 0,000000 3,000000 18,000000 18,000000 -20,200000
128 1572270118 0,000000 3,000000 18,000000 18,000000 -20,200000
128 1572270119 0,000000 3,000000 18,000000 18,000000 -20,200000
128 1572270120 0,000000 3,000000 18,000000 18,000000 -20,200000
128 1572270121 0,000000 3,000000 18,000000 18,000000 -20,200000
128 1572270122 0,000000 3,000000 18,000000 18,000000 -20,200000
128 1572270123 0,000000 3,000000 18,000000 18,000000 -20,200000
128 1572270124 0,000000 3,000000 18,000000 18,000000 -20,200000
128 1572270125 0,000000 3,000000 18,000000 18,000000 -20,200000
128 1572270126 0,000000 3,000000 18,000000 18,000000 -20,200000
128 1572270127 0,000000 3,000000 18,000000 18,000000 -20,200000
128 1572270128 0,000000 3,000000 18,000000 18,000000 -20,200000
128 1572270129 0,000000 3,000000 18,000000 18,000000 -20,200000
128 1572270130 0,000000 3,000000 18,000000 18,000000 -20,200000
128 1572270131 0,000000 3,000000 18,000000 18,000000 -20,200000
128 1572270132 0,000000 3,000000 18,000000 18,000000 -20,200000
128 1572270133 0,000000 3,000000 18,000000 18,000000 -20,200000
128 1572270134 0,000000 3,000000 18,000000 18,000000 -20,200000
128 1572270135 0,000000 3,000000 18,000000 18,000000 -20,200000
128 1572270136 0,000000 3,000000 18,000000 18,000000 -20,200000
128 1572270137 0,000000 3,000000 18,000000 18,000000 -20,200000
128 1572270138 0,000000 3,000000 18,000000 18,000000 -20,200000
128 1572270139 0,000000 3,000000 18,000000 18,000000 -20,200000
128 1572270140 0,000000 3,000000 18,000000 18,000000 -20,200000
128 1572270141 0,000000 3,000000 18,000000 18,000000 -20,200000
128 1572270142 0,000000 3,000000 18,000000 18,000000 -20,200000
128 1572270143 0,000000 3,000000 18,000000 18,000000 -20,200000
128 1572270144 0,000000 3,000000 18,000000 18,000000 -20,200000
128 1572270145 0,000000 3,000000 18,000000 18,000000 -20,200000
128 1572270146 0,000000 3,000000 18,000000 18,000000 -20,200000
128 1572270147 0,000000 3,000000 18,000000 18,000000 -20,200000
128 1572270148 0,000000 3,000000 18,000000 18,000000 -20,200000
128 1572270149 0,000000 3,000000 18,000000 18,000000 -20,200000
128 1572270150 0,000000 3,000000 18,000000 18,000000 -20,200000
128 1572270151 0,000000 3,000000 18,000000 18,000000 -20,200000
128 1572270152 0,000000 3,000000 18,000000 18,000000 -20,200000
128 1572270153 0,000000 3,000000 18,000000 18,000000 -20,200000
128 1572270154 0,000000 3,000000 18,000000 18,000000 -20,200000
128 1572270155 0,000000 3,000000 18,000000 18,000000 -20,200000
128 1572270156 0,000000 3,000000 18,000000 18,000000 -20,200000
128 1572270157 0,000000 3,000000 18,000000 18,000000 -20,200000
128 1572270158 0,000000 3,000000 18,000000 18,000000 -20,200000
128 1572270159 0,000000 3,000000 18,000000 18,000000 -20,200000
128 1572270160 0,000000 3,000000 18,000000 18,000000 -20,200000
128 1572270161 0,000000 3,000000 18,000000 18,000000 -20,200000
128 1572270162 0,000000 3,000000 18,000000 18,000000 -20,200000
128 1572270163 0,000000 3,000000 18,000000 18,000000 -20,200000
128 1572270164 0,000000 3,000000 18,000000 18,000000 -20,200000
128 1572270165 0,000000 3,000000 18,000000 18,000000 -20,200000
128 1572270166 0,000000 3,000000 18,000000 18,000000 -20,200000
128 1572270167 0,000000 3,000000 18,000000 18,000000 -20,200000
128 1572270168 0,000000 3,000000 18,000000 18,000000 -20,200000
128 1572270169 0,000000 3,000000 18,000000 18,000000 -20,200000
128 1572270170 0,000000 3,000000 18,000000 18,000000 -20,200000
128 1572270171 0,000000 3,000000 18,000000 18,000000 -20,200000
128 1572270172 0,000000 3,000000 18,000000 18,000000 -20,200000
128 1572270173 0,000000 3,000000 18,000000 18,000000 -20,200000
128 1572270174 0,000000 3,000000 18,000000 18,000000 -20,200000
128 1572270175 0,000000 3,000000 18,000000 18,000000 -20,200000
128 1572270176 0,000000 3,000000 18,000000 18,000000 -20,200000
128 1572270177 0,000000 3,000000 18,000000 18,000000 -20,200000
128 1572270178 0,000000 3,000000 18,000000 18,000000 -20,200000
128 1572270179 0,000000 3,000000 18,000000 18,000000 -20,200000
128 1572270180 0,000000 3,000000 18,000000 18,000000 -20,200000
128 1572270181 0,000000 3,000000 18,000000 18,000000 -20,200000
128 1572270182 0,000000 3,000000 18,000000 18,000000 -20,200000
128 1572270183 0,000000 3,000000 18,000000 18,000000 -20,200000
128 1572270184 0,000000 3,000000 18,000000 18,000000 -20,200000
128 1572270185 0,000000 3,000000 18,000000 18,000000 -20,200000
128 1572270186 0,000000 3,000000 18,000000 18,000000 -20,200000
128 1572270187 0,000000 3,000000 18,000000 18,000000 -20,200000
128 1572270188 0,000000 3,000000 18,000000 18,000000 -20,200000
128 1572270189 0,000000 3,000000 18,000000 18,000000 -20,200000
128 1572270190 0,000000 3,000000 18,000000 18,000000 -20,200000
128 1572270191 0,000000 3,000000 18,000000 18,000000 -20,200000
128 1572270192 0,000000 3,000000 18,000000 18,000000 -20,200000
128 1572270193 0,000000 3,000000 18,000000 18,000000 -20,200000
128 1572270194 0,000000 3,000000 18,000000 18,000000 -20,200000
128 1572270195 0,000000 3,000000 18,000000 18,000000 -20,200000
128 1572270196 0,000000 3,000000 18,000000 18,000000 -20,200000
128 1572270197 0,000000 3,000000 18,000000 18,000000 -20,200000
128 1572270198 0,000000 3,000000 18,000000 18,000000 -20,200000
128 1572270199 0,000000 3,000000 18,000000 18,000000 -20,200000
128 1572270200 0,000000 3,000000 18,000000 18,000000 -20,200000
128 1572270201 0,000000 3,000000 18,000000 18,000000 -20,200000
128 1572270202 0,000000 3,000000 18,000000 18,000000 -20,200000
128 1572270203 0,000000 3,000000 18,000000 18,000000 -20,200000
128 1572270204 0,000000 3,000000 18,000000 18,000000 -20,200000
128 1572270205 0,000000 3,000000 18,000000 18,000000 -20,200000
128 1572270206 0,000000 3,000000 18,000000 18,000000 -20,200000
128 1572270207 0,000000 3,000000 18,000000 18,000000 -20,200000
128 1572270208 0,000000 3,000000 18,000000 18,000000 -20,200000
128 1572270209 0,000000 3,000000 18,000000 18,000000 -20,200000
128 1572270210 0,000000 3,000000 18,000000 18,000000 -20,200000
128 1572270211 0,000000 3,000000 18,000000 18,000000 -20,200000
128 1572270212 0,000000 3,000000 18,000000 18,000000 -20,200000
128 1572270213 0,000000 3,000000 18,000000 18,000000 -20,200000
128 1572270214 0,000000 3,000000 18,000000 18,000000 -20,200000
128 1572270215 0,000000 3,000000 18,000000 18,000000 -20,200000
128 1572270216 0,000000 3,000000 18,000000 18,000000 -20,200000
128 1572270217 0,000000 3,000000 18,000000 18,000000 -20,200000
128 1572270218 0,000000 3,000000 18,000000 18,000000 -20,200000
128 1572270219 0,000000 3,000000 18,000000 18,000000 -20,200000
128 1572270220 0,000000 3,000000 18,000000 18,000000 -20,200000
128 1572270221 0,000000 3,000000 18,000000 18,000000 -20,200000
128 1572270222 0,000000 3,000000 18,000000 18,000000 -20,200000
128 1572270223 0,000000 3,000000 18,000000 18,000000 -20,200000
128 1572270224 0,000000 3,000000 18,000000 18,000000 -20,200000
128 1572270225 0,000000 3,000000 18,000000 18,000000 -20,200000
128 1572270226 0,000000 3,000000 18,000000 18,000000 -20,200000
128 1572270227 0,000000 3,000000 18,000000 18,000000 -20,200000
128 1572270228 0,000000 3,000000 18,000000 18,000000 -20,200000
128 1572270229 0,000000 3,000000 18,000000 18,000000 -20,200000
128 1572270230 0,000000 3,000000 18,000000 18,000000 -20,200000
128 1572270231 0,000000 3,000000 18,000000 18,000000 -20,200000
128 1572270232 0,000000 3,000000 18,000000 18,000000 -20,200000
128 1572270233 0,000000 3,000000 18,000000 18,000000 -20,200000
128 1572270234 0,000000 3,000000 18,000000 18,000000 -20,200000
128 1572270235 0,000000 3,000000 18,000000 18,000000 -20,200000
128 1572270236 0,000000 3,000000 18,000000 18,000000 -20,200000
128 1572270237 0,000000 3,600000 18,000000 18,000000 -20,200000
128 1572270238 0,000000 3,600000 18,000000 18,000000 -20,200000
128 1572270239 0,000000 3,600000 18,000000 18,000000 -20,200000
128 1572270240 0,000000 3,600000 18,000000 18,000000 -20,200000
128 1572270241 0,000000 3,600000 18,000000 18,000000 -20,200000
128 1572270242 0,000000 3,600000 18,000000 18,000000 -20,200000
128 1572270243 0,000000 3,600000 18,000000 18,000000 -20,200000
128 1572270244 0,000000 3,600000 18,000000 18,000000 -20,200000
128 1572270245 0,000000 3,600000 18,000000 18,000000 -20,200000
128 1572270246 0,000000 3,600000 18,000000 18,000000 -20,200000
128 1572270247 0,000000 3,600000 18,000000 18,000000 -20,200000
128 1572270248 0,000000 3,600000 18,000000 18,000000 -20,200000
128 1572270249 0,000000 3,600000 18,000000 18,000000 -20,200000
128 1572270250 0,000000 3,600000 18,000000 18,000000 -20,200000
128 1572270251 0,000000 3,600000 18,000000 18,000000 -20,200000
128 1572270252 0,000000 3,600000 18,000000 18,000000 -20,200000
128 1572270253 0,000000 3,600000 18,000000 18,000000 -20,200000
128 1572270254 0,000000 3,600000 18,000000 18,000000 -20,200000
128 1572270255 0,000000 3,600000 18,000000 18,000000 -20,200000
128 1572270256 0,000000 3,600000 18,000000 18,000000 -20,200000
128 1572270257 0,000000 3,600000 18,000000 18,000000 -20,200000
128 1572270258 0,000000 3,600000 18,000000 18,000000 -20,200000
128 1572270259 0,000000 3,600000 18,000000 18,000000 -20,200000
128 1572270260 0,000000 3,600000 18,000000 18,000000 -20,200000
128 1572270261 0,000000 3,600000 18,000000 18,000000 -20,200000
128 1572270262 0,000000 3,600000 18,000000 18,000000 -20,200000
128 1572270263 0,000000 3,600000 18,000000 18,000000 -20,200000
128 1572270264 0,000000 3,600000 18,000000 18,000000 -20,200000
128 1572270265 0,000000 3,600000 18,000000 18,000000 -20,200000
128 1572270266 0,000000 3,600000 18,000000 18,000000 -20,200000
128 1572270267 0,000000 3,600000 18,000000 18,000000 -20,200000
128 1572270268 0,000000 3,600000 18,000000 18,000000 -20,200000
128 1572270269 0,000000 3,600000 18,000000 18,000000 -20,200000
128 1572270270 0,000000 3,600000 18,000000 18,000000 -20,200000
128 1572270271 0,000000 3,600000 18,000000 18,000000 -20,200000
128 1572270272 0,000000 3,600000 18,000000 18,000000 -20,200000
128 1572270273 0,000000 3,600000 18,000000 18,000000 -20,200000
128 1572270274 0,000000 3,600000 18,000000 18,000000 -20,200000
128 1572270275 0,000000 3,600000 18,000000 18,000000 -20,200000
128 1572270276 0,000000 3,600000 18,000000 18,000000 -20,200000
128 1572270277 0,000000 3,600000 18,000000 18,000000 -20,200000
128 1572270278 0,000000 3,600000 18,000000 18,000000 -20,200000
128 1572270279 0,000000 3,600000 18,000000 18,000000 -20,200000
128 1572270280 0,000000 3,600000 18,000000 18,000000 -20,200000
128 1572270281 0,000000 3,600000 18,000000 18,000000 -20,200000
128 1572270282 0,000000 3,600000 18,000000 18,000000 -20,200000
128 1572270283 0,000000 3,600000 18,000000 18,000000 -20,200000
128 1572270284 0,000000 3,600000 18,000000 18,000000 -20,200000
128 1572270285 0,000000 3,600000 18,000000 18,000000 -20,200000
128 1572270286 0,000000 3,600000 18,000000 18,000000 -20,200000
128 1572270287 0,000000 3,600000 18,000000 18,000000 -20,200000
128 1572270288 0,000000 3,600000 18,000000 18,000000 -20,200000
128 1572270289 0,000000 3,600000 18,000000 18,000000 -20,200000
128 1572270290 0,000000 3,600000 18,000000 18,000000 -20,200000
128 1572270291 0,000000 3,600000 18,000000 18,000000 -20,200000
128 1572270292 0,000000 3,600000 18,000000 18,000000 -20,200000
128 1572270293 0,000000 3,600000 18,000000 18,000000 -20,200000
128 1572270294 0,000000 3,600000 18,000000 18,000000 -20,200000
128 1572270295 0,000000 3,600000 18,000000 18,000000 -20,200000
128 1572270296 0,000000 3,600000 18,000000 18,000000 -20,200000
128 1572270297 0,000000 3,600000 18,000000 18,000000 -20,200000
128 1572270298 0,000000 3,600000 18,000000 18,000000 -20,200000
128 1572270299 0,000000 3,600000 18,000000 18,000000 -20,200000
128 1572270300 0,000000 3,600000 18,000000 18,000000 -20,200000
128 1572270301 0,000000 3,600000 18,000000 18,000000 -20,200000
128 1572270302 0,000000 3,600000 18,000000 18,000000 -20,200000
128 1572270303 0,000000 3,600000 18,000000 18,000000 -20,200000
128 1572270304 0,000000 3,600000 18,000000 18,000000 -20,200000
128 1572270305 0,000000 3,600000 18,000000 18,000000 -20,200000
128 1572270306 0,000000 3,600000 18,000000 18,000000 -20,200000
128 1572270307 0,000000 3,600000 18,000000 18,000000 -20,200000
128 1572270308 0,000000 3,600000 18,000000 18,000000 -20,200000
128 1572270309 0,000000 3,600000 18,000000 18,000000 -20,200000
128 1572270310 0,000000 3,600000 18,000000 18,000000 -20,200000
128 1572270311 0,000000 3,600000 18,000000 18,000000 -20,200000
128 1572270312 0,000000 3,600000 18,000000 18,000000 -20,200000
128 1572270313 0,000000 3,600000 18,000000 18,000000 -20,200000
128 1572270314 0,000000 3,600000 18,000000 18,000000 -20,200000
128 1572270315 0,000000 3,600000 18,000000 18,000000 -20,200000
128 1572270316 0,000000 3,600000 18,000000 18,000000 -20,200000
128 1572270317 0,000000 3,600000 18,000000 18,000000 -20,200000
128 1572270318 0,000000 3,600000 18,000000 18,000000 -20,200000
128 1572270319 0,000000 3,600000 18,000000 18,000000 -20,200000
128 1572270320 0,000000 3,600000 18,000000 18,000000 -20,200000
128 1572270321 0,000000 3,600000 18,000000 18,000000 -20,200000
128 1572270322 0,000000 3,600000 18,000000 18,000000 -20,200000
128 1572270323 0,000000 3,600000 18,000000 18,000000 -20,200000
128 1572270324 0,000000 3,600000 18,000000 18,000000 -20,200000
128 1572270325 0,000000 3,600000 18,000000 18,000000 -20,200000
128 1572270326 0,000000 3,600000 18,000000 18,000000 -20,200000
128 1572270327 0,000000 3,600000 18,000000 18,000000 -20,200000
128 1572270328 0,000000 3,600000 18,000000 18,000000 -20,200000
128 1572270329 0,000000 3,600000 18,000000 18,000000 -20,200000
128 1572270330 0,000000 3,600000 18,000000 18,000000 -20,200000
128 1572270331 0,000000 3,600000 18,000000 18,000000 -20,200000
128 1572270332 0,000000 3,600000 18,000000 18,000000 -20,200000
128 1572270333 0,000000 3,600000 18,000000 18,000000 -20,200000
128 1572270334 0,000000 3,600000 18,000000 18,000000 -20,200000
128 1572270335 0,000000 3,600000 18,000000 18,000000 -20,200000
128 1572270336 0,000000 3,600000 18,000000 18,000000 -20,200000
128 1572270337 0,000000 3,600000 18,000000 18,000000 -20,200000
128 1572270338 0,000000 3,600000 18,000000 18,000000 -20,200000
128 1572270339 0,000000 3,600000 18,000000 18,000000 -20,200000
128 1572270340 0,000000 3,600000 18,000000 18,000000 -20,200000
128 1572270341 0,000000 3,600000 18,000000 18,000000 -20,200000
128 1572270342 0,000000 3,600000 18,000000 18,000000 -20,200000
128 1572270343 0,000000 3,600000 18,000000 18,000000 -20,200000
128 1572270344 0,000000 3,600000 18,000000 18,000000 -20,200000
128 1572270345 0,000000 3,600000 18,000000 18,000000 -20,200000
128 1572270346 0,000000 3,600000 18,000000 18,000000 -20,200000
128 1572270347 0,000000 3,600000 18,000000 18,000000 -20,200000
128 1572270348 0,000000 3,600000 18,000000 18,000000 -20,200000
128 1572270349 0,000000 3,600000 18,000000 18,000000 -20,200000
128 1572270350 0,000000 3,600000 18,000000 18,000000 -20,200000
128 1572270351 0,000000 3,600000 18,000000 18,000000 -20,200000
128 1572270352 0,000000 3,600000 18,000000 18,000000 -20,200000
128 1572270353 0,000000 3,600000 18,000000 18,000000 -20,200000
128 1572270354 0,000000 3,600000 18,000000 18,000000 -20,200000
128 1572270355 0,000000 3,600000 18,000000 18,000000 -20,200000
128 1572270356 0,000000 3,600000 18,000000 18,000000 -20,200000
128 1572270357 0,000000 4,200000 18,000000 18,000000 -20,200000
128 1572270358 0,000000 4,200000 18,000000 18,000000 -20,200000
128 1572270359 0,000000 4,200000 18,000000 18,000000 -20,200000
128 1572270360 0,000000 4,200000 18,000000 18,000000 -20,200000
128 1572270361 0,000000 4,200000 18,000000 18,000000 -20,200000
128 1572270362 0,000000 4,200000 18,000000 18,000000 -20,200000
128 1572270363 0,000000 4,200000 18,000000 18,000000 -20,200000
128 1572270364 0,000000 4,200000 18,000000 18,000000 -20,200000
128 1572270365 0,000000 4,200000 18,000000 18,000000 -20,200000
128 1572270366 0,000000 4,200000 18,000000 18,000000 -20,200000
128 1572270367 0,000000 4,200000 18,000000 18,000000 -20,200000
128 1572270368 0,000000 4,200000 18,000000 18,000000 -20,200000
128 1572270369 0,000000 4,200000 18,000000 18,000000 -20,200000
128 1572270370 0,000000 4,200000 18,000000 18,000000 -20,200000
128 1572270371 0,000000 4,200000 18,000000 18,000000 -20,200000
128 1572270372 0,000000 4,200000 18,000000 18,000000 -20,200000
128 1572270373 0,000000 4,200000 18,000000 18,000000 -20,200000
128 1572270374 0,000000 4,200000 18,000000 18,000000 -20,200000
128 1572270375 0,000000 4,200000 18,000000 18,000000 -20,200000
128 1572270376 0,000000 4,200000 18,000000 18,000000 -20,200000
128 1572270377 0,000000 4,200000 18,000000 18,000000 -20,200000
128 1572270378 0,000000 4,200000 18,000000 18,000000 -20,200000
128 1572270379 0,000000 4,200000 18,000000 18,000000 -20,200000
128 1572270380 0,000000 4,200000 18,000000 18,000000 -20,200000
128 1572270381 0,000000 4,200000 18,000000 18,000000 -20,200000
128 1572270382 0,000000 4,200000 18,000000 18,000000 -20,200000
128 1572270383 0,000000 4,200000 18,000000 18,000000 -20,200000
128 1572270384 0,000000 4,200000 18,000000 18,000000 -20,200000
128 1572270385 0,000000 4,200000 18,000000 18,000000 -20,200000
128 1572270386 0,000000 4,200000 18,000000 18,000000 -20,200000
128 1572270387 0,000000 4,200000 18,000000 18,000000 -20,200000
128 1572270388 0,000000 4,200000 18,000000 18,000000 -20,200000
128 1572270389 0,000000 4,200000 18,000000 18,000000 -20,200000
128 1572270390 0,000000 4,200000 18,000000 18,000000 -20,200000
128 1572270391 0,000000 4,200000 18,000000 18,000000 -20,200000
128 1572270392 0,000000 4,200000 18,000000 18,000000 -20,200000
128 1572270393 0,000000 4,200000 18,000000 18,000000 -20,200000
128 1572270394 0,000000 4,200000 18,000000 18,000000 -20,200000
128 1572270395 0,000000 4,200000 18,000000 18,000000 -20,200000
128 1572270396 0,000000 4,200000 18,000000 18,000000 -20,200000
128 1572270397 0,000000 4,200000 18,000000 18,000000 -20,200000
128 1572270398 0,000000 4,200000 18,000000 18,000000 -20,200000
128 1572270399 0,000000 4,200000 18,000000 18,000000 -20,200000
128 1572270400 0,000000 4,200000 18,000000 18,000000 -20,200000
128 1572270401 0,000000 4,200000 18,000000 18,000000 -20,200000
128 1572270402 0,000000 4,200000 18,000000 18,000000 -20,200000
128 1572270403 0,000000 4,200000 18,000000 18,000000 -20,200000
128 1572270404 0,000000 4,200000 18,000000 18,000000 -20,200000
128 1572270405 0,000000 4,200000 18,000000 18,000000 -20,200000
128 1572270406 0,000000 4,200000 18,000000 18,000000 -20,200000
128 1572270407 0,000000 4,200000 18,000000 18,000000 -20,200000
128 1572270408 0,000000 4,200000 18,000000 18,000000 -20,200000
128 1572270409 0,000000 4,200000 18,000000 18,000000 -20,200000
128 1572270410 0,000000 4,200000 18,000000 18,000000 -20,200000
128 1572270411 0,000000 4,200000 18,000000 18,000000 -20,200000
128 1572270412 0,000000 4,200000 18,000000 18,000000 -20,200000
128 1572270413 0,000000 4,200000 18,000000 18,000000 -20,200000
128 1572270414 0,000000 4,200000 18,000000 18,000000 -20,200000
128 1572270415 0,000000 4,200000 18,000000 18,000000 -20,200000
128 1572270416 0,000000 4,200000 18,000000 18,000000 -20,200000
128 1572270417 0,000000 4,200000 18,000000 18,000000 -20,200000
128 1572270418 0,000000 4,200000 18,000000 18,000000 -20,200000
128 1572270419 0,000000 4,200000 18,000000 18,000000 -20,200000
128 1572270420 0,000000 4,200000 18,000000 18,000000 -20,200000
128 1572270421 0,000000 4,200000 18,000000 18,000000 -20,200000
128 1572270422 0,000000 4,200000 18,000000 18,000000 -20,200000
128 1572270423 0,000000 4,200000 18,000000 18,000000 -20,200000
128 1572270424 0,000000 4,200000 18,000000 18,000000 -20,200000
128 1572270425 0,000000 4,200000 18,000000 18,000000 -20,200000
128 1572270426 0,000000 4,200000 18,000000 18,000000 -20,200000
128 1572270427 0,000000 4,200000 18,000000 18,000000 -20,200000
128 1572270428 0,000000 4,200000 18,000000 18,000000 -20,200000
128 1572270429 0,000000 4,200000 18,000000 18,000000 -20,200000
128 1572270430 0,000000 4,200000 18,000000 18,000000 -20,200000
128 1572270431 0,000000 4,200000 18,000000 18,000000 -20,200000
128 1572270432 0,000000 4,200000 18,000000 18,000000 -20,200000
128 1572270433 0,000000 4,200000 18,000000 18,000000 -20,200000
128 1572270434 0,000000 4,200000 18,000000 18,000000 -20,200000
128 1572270435 0,000000 4,200000 18,000000 18,000000 -20,200000
128 1572270436 0,000000 4,200000 18,000000 18,000000 -20,200000
128 1572270437 0,000000 4,200000 18,000000 18,000000 -20,200000
128 1572270438 0,000000 4,200000 18,000000 18,000000 -20,200000
128 1572270439 0,000000 4,200000 18,000000 18,000000 -20,200000
128 1572270440 0,000000 4,200000 18,000000 18,000000 -20,200000
128 1572270441 0,000000 4,200000 18,000000 18,000000 -20,200000
128 1572270442 0,000000 4,200000 18,000000 18,000000 -20,200000
128 1572270443 0,000000 4,200000 18,000000 18,000000 -20,200000
128 1572270444 0,000000 4,200000 18,000000 18,000000 -20,200000
128 1572270445 0,000000 4,200000 18,000000 18,000000 -20,200000
128 1572270446 0,000000 4,200000 18,000000 18,000000 -20,200000
128 1572270447 0,000000 4,200000 18,000000 18,000000 -20,200000
128 1572270448 0,000000 4,200000 18,000000 18,000000 -20,200000
128 1572270449 0,000000 4,200000 18,000000 18,000000 -20,200000
128 1572270450 0,000000 4,200000 18,000000 18,000000 -20,200000
128 1572270451 0,000000 4,200000 18,000000 18,000000 -20,200000
128 1572270452 0,000000 4,200000 18,000000 18,000000 -20,200000
128 1572270453 0,000000 4,200000 18,000000 18,000000 -20,200000
128 1572270454 0,000000 4,200000 18,000000 18,000000 -20,200000
128 1572270455 0,000000 4,200000 18,000000 18,000000 -20,200000
128 1572270456 0,000000 4,200000 18,000000 18,000000 -20,200000
128 1572270457 0,000000 4,200000 18,000000 18,000000 -20,200000
128 1572270458 0,000000 4,200000 18,000000 18,000000 -20,200000
128 1572270459 0,000000 4,200000 18,000000 18,000000 -20,200000
128 1572270460 0,000000 4,200000 18,000000 18,000000 -20,200000
128 1572270461 0,000000 4,200000 18,000000 18,000000 -20,200000
128 1572270462 0,000000 4,200000 18,000000 18,000000 -20,200000
128 1572270463 0,000000 4,200000 18,000000 18,000000 -20,200000
128 1572270464 0,000000 4,200000 18,000000 18,000000 -20,200000
128 1572270465 0,000000 4,200000 18,000000 18,000000 -20,200000
128 1572270466 0,000000 4,200000 18,000000 18,000000 -20,200000
128 1572270467 0,000000 4,200000 18,000000 18,000000 -20,200000
128 1572270468 0,000000 4,200000 18,000000 18,000000 -20,200000
128 1572270469 0,000000 4,200000 18,000000 18,000000 -20,200000
128 1572270470 0,000000 4,200000 18,000000 18,000000 -20,200000
128 1572270471 0,000000 4,200000 18,000000 18,000000 -20,200000
128 1572270472 0,000000 4,200000 18,000000 18,000000 -20,200000
128 1572270473 0,000000 4,200000 18,000000 18,000000 -20,200000
128 1572270474 0,000000 4,200000 18,000000 18,000000 -20,200000
128 1572270475 0,000000 4,200000 18,000000 18,000000 -20,200000
128 1572270476 0,000000 4,200000 18,000000 18,000000 -20,200000
128 1572270477 0,000000 4,800000 18,000000 18,000000 -20,200000
128 1572270478 0,000000 4,800000 18,000000 18,000000 -20,200000
128 1572270479 0,000000 4,800000 18,000000 18,000000 -20,200000
128 1572270480 0,000000 4,800000 18,000000 18,000000 -20,200000
128 1572270481 0,000000 4,800000 18,000000 18,000000 -20,200000
128 1572270482 0,000000 4,800000 18,000000 18,000000 -20,200000
128 1572270483 0,000000 4,800000 18,000000 18,000000 -20,200000
128 1572270484 0,000000 4,800000 18,000000 18,000000 -20,200000
128 1572270485 0,000000 4,800000 18,000000 18,000000 -20,200000
128 1572270486 0,000000 4,800000 18,000000 18,000000 -20,200000
128 1572270487 0,000000 4,800000 18,000000 18,000000 -20,200000
128 1572270488 0,000000 4,800000 18,000000 18,000000 -20,200000
128 1572270489 0,000000 4,800000 18,000000 18,000000 -20,200000
128 1572270490 0,000000 4,800000 18,000000 18,000000 -20,200000
128 1572270491 0,000000 4,800000 18,000000 18,000000 -20,200000
128 1572270492 0,000000 4,800000 18,000000 18,000000 -20,200000
128 1572270493 0,000000 4,800000 18,000000 18,000000 -20,200000
128 1572270494 0,000000 4,800000 18,000000 18,000000 -20,200000
128 1572270495 0,000000 4,800000 18,000000 18,000000 -20,200000
128 1572270496 0,000000 4,800000 18,000000 18,000000 -20,200000
128 1572270497 0,000000 4,800000 18,000000 18,000000 -20,200000
128 1572270498 0,000000 4,800000 18,000000 18,000000 -20,200000
128 1572270499 0,000000 4,800000 18,000000 18,000000 -20,200000
128 1572270500 0,000000 4,800000 18,000000 18,000000 -20,200000
128 1572270501 0,000000 4,800000 18,000000 18,000000 -20,200000
128 1572270502 0,000000 4,800000 18,000000 18,000000 -20,200000
128 1572270503 0,000000 4,800000 18,000000 18,000000 -20,200000
128 1572270504 0,000000 4,800000 18,000000 18,000000 -20,200000
128 1572270505 0,000000 4,800000 18,000000 18,000000 -20,200000
128 1572270506 0,000000 4,800000 18,000000 18,000000 -20,200000
128 1572270507 0,000000 4,800000 18,000000 18,000000 -20,200000
128 1572270508 0,000000 4,800000 18,000000 18,000000 -20,200000
128 1572270509 0,000000 4,800000 18,000000 18,000000 -20,200000
128 1572270510 0,000000 4,800000 18,000000 18,000000 -20,200000
128 1572270511 0,000000 4,800000 18,000000 18,000000 -20,200000
128 1572270512 0,000000 4,800000 18,000000 18,000000 -20,200000
128 1572270513 0,000000 4,800000 18,000000 18,000000 -20,200000
128 1572270514 0,000000 4,800000 18,000000 18,000000 -20,200000
128 1572270515 0,000000 4,800000 18,000000 18,000000 -20,200000
128 1572270516 0,000000 4,800000 18,000000 18,000000 -20,200000
128 1572270517 0,000000 4,800000 18,000000 18,000000 -20,200000
128 1572270518 0,000000 4,800000 18,000000 18,000000 -20,200000
128 1572270519 0,000000 4,800000 18,000000 18,000000 -20,200000
128 1572270520 0,000000 4,800000 18,000000 18,000000 -20,200000
128 1572270521 0,000000 4,800000 18,000000 18,000000 -20,200000
128 1572270522 0,000000 4,800000 18,000000 18,000000 -20,200000
128 1572270523 0,000000 4,800000 18,000000 18,000000 -20,200000
128 1572270524 0,000000 4,800000 18,000000 18,000000 -20,200000
128 1572270525 0,000000 4,800000 18,000000 18,000000 -20,200000
128 1572270526 0,000000 4,800000 18,000000 18,000000 -20,200000
128 1572270527 0,000000 4,800000 18,000000 18,000000 -20,200000
128 1572270528 0,000000 4,800000 18,000000 18,000000 -20,200000
128 1572270529 0,000000 4,800000 18,000000 18,000000 -20,200000
128 1572270530 0,000000 4,800000 18,000000 18,000000 -20,200000
128 1572270531 0,000000 4,800000 18,000000 18,000000 -20,200000
128 1572270532 0,000000 4,800000 18,000000 18,000000 -20,200000
128 1572270533 0,000000 4,800000 18,000000 18,000000 -20,200000
128 1572270534 0,000000 4,800000 18,000000 18,000000 -20,200000
128 1572270535 0,000000 4,800000 18,000000 18,000000 -20,200000
128 1572270536 0,000000 4,800000 18,000000 18,000000 -20,200000
128 1572270537 0,000000 4,800000 18,000000 18,000000 -20,200000
128 1572270538 0,000000 4,800000 18,000000 18,000000 -20,200000
128 1572270539 0,000000 4,800000 18,000000 18,000000 -20,200000
128 1572270540 0,000000 4,800000 18,000000 18,000000 -20,200000
128 1572270541 0,000000 4,800000 18,000000 18,000000 -20,200000
128 1572270542 0,000000 4,800000 18,000000 18,000000 -20,200000
128 1572270543 0,000000 4,800000 18,000000 18,000000 -20,200000
128 1572270544 0,000000 4,800000 18,000000 18,000000 -20,200000
128 1572270545 0,000000 4,800000 18,000000 18,000000 -20,200000
128 1572270546 0,000000 4,800000 18,000000 18,000000 -20,200000
128 1572270547 0,000000 4,800000 18,000000 18,000000 -20,200000
128 1572270548 0,000000 4,800000 18,000000 18,000000 -20,200000
128 1572270549 0,000000 4,800000 18,000000 18,000000 -20,200000
128 1572270550 0,000000 4,800000 18,000000 18,000000 -20,200000
128 1572270551 0,000000 4,800000 18,000000 18,000000 -20,200000
128 1572270552 0,000000 4,800000 18,000000 18,000000 -20,200000
128 1572270553 0,000000 4,800000 18,000000 18,000000 -20,200000
128 1572270554 0,000000 4,800000 18,000000 18,000000 -20,200000
128 1572270555 0,000000 4,800000 18,000000 18,000000 -20,200000
128 1572270556 0,000000 4,800000 18,000000 18,000000 -20,200000
128 1572270557 0,000000 4,800000 18,000000 18,000000 -20,200000
128 1572270558 0,000000 4,800000 18,000000 18,000000 -20,200000
128 1572270559 0,000000 4,800000 18,000000 18,000000 -20,200000
128 1572270560 0,000000 4,800000 18,000000 18,000000 -20,200000
128 1572270561 0,000000 4,800000 18,000000 18,000000 -20,200000
128 1572270562 0,000000 4,800000 18,000000 18,000000 -20,200000
128 1572270563 0,000000 4,800000 18,000000 18,000000 -20,200000
128 1572270564 0,000000 4,800000 18,000000 18,000000 -20,200000
128 1572270565 0,000000 4,800000 18,000000 18,000000 -20,200000
128 1572270566 0,000000 4,800000 18,000000 18,000000 -20,200000
128 1572270567 0,000000 4,800000 18,000000 18,000000 -20,200000
128 1572270568 0,000000 4,800000 18,000000 18,000000 -20,200000
128 1572270569 0,000000 4,800000 18,000000 18,000000 -20,200000
128 1572270570 0,000000 4,800000 18,000000 18,000000 -20,200000
128 1572270571 0,000000 4,800000 18,000000 18,000000 -20,200000
128 1572270572 0,000000 4,800000 18,000000 18,000000 -20,200000
128 1572270573 0,000000 4,800000 18,000000 18,000000 -20,200000
128 1572270574 0,000000 4,800000 18,000000 18,000000 -20,200000
128 1572270575 0,000000 4,800000 18,000000 18,000000 -20,200000
128 1572270576 0,000000 4,800000 18,000000 18,000000 -20,200000
128 1572270577 0,000000 4,800000 18,000000 18,000000 -20,200000
128 1572270578 0,000000 4,800000 18,000000 18,000000 -20,200000
128 1572270579 0,000000 4,800000 18,000000 18,000000 -20,200000
128 1572270580 0,000000 4,800000 18,000000 18,000000 -20,200000
128 1572270581 0,000000 4,800000 18,000000 18,000000 -20,200000
128 1572270582 0,000000 4,800000 18,000000 18,000000 -20,200000
128 1572270583 0,000000 4,800000 18,000000 18,000000 -20,200000
128 1572270584 0,000000 4,800000 18,000000 18,000000 -20,200000
128 1572270585 0,000000 4,800000 18,000000 18,000000 -20,200000
128 1572270586 0,000000 4,800000 18,000000 18,000000 -20,200000
128 1572270587 0,000000 4,800000 18,000000 18,000000 -20,200000
128 1572270588 0,000000 4,800000 18,000000 18,000000 -20,200000
128 1572270589 0,000000 4,800000 18,000000 18,000000 -20,200000
128 1572270590 0,000000 4,800000 18,000000 18,000000 -20,200000
128 1572270591 0,000000 4,800000 18,000000 18,000000 -20,200000
128 1572270592 0,000000 4,800000 18,000000 18,000000 -20,200000
128 1572270593 0,000000 4,800000 18,000000 18,000000 -20,200000
128 1572270594 0,000000 4,800000 18,000000 18,000000 -20,200000
128 1572270595 0,000000 4,800000 18,000000 18,000000 -20,200000
128 1572270596 0,000000 4,800000 18,000000 18,000000 -20,200000
128 1572270597 0,000000 5,400000 18,000000 18,000000 -20,200000
128 1572270598 0,000000 5,400000 18,000000 18,000000 -20,200000
128 1572270599 0,000000 5,400000 18,000000 18,000000 -20,200000
128 1572270600 0,000000 5,400000 18,000000 18,000000 -20,200000
128 1572270601 0,000000 5,400000 18,000000 18,000000 -20,200000
128 1572270602 0,000000 5,400000 18,000000 18,000000 -20,200000
128 1572270603 0,000000 5,400000 18,000000 18,000000 -20,200000
128 1572270604 0,000000 5,400000 18,000000 18,000000 -20,200000
128 1572270605 0,000000 5,400000 18,000000 18,000000 -20,200000
128 1572270606 0,000000 5,400000 18,000000 18,000000 -20,200000
128 1572270607 0,000000 5,400000 18,000000 18,000000 -20,200000
128 1572270608 0,000000 5,400000 18,000000 18,000000 -20,200000
128 1572270609 0,000000 5,400000 18,000000 18,000000 -20,200000
128 1572270610 0,000000 5,400000 18,000000 18,000000 -20,200000
128 1572270611 0,000000 5,400000 18,000000 18,000000 -20,200000
128 1572270612 0,000000 5,400000 18,000000 18,000000 -20,200000
128 1572270613 0,000000 5,400000 18,000000 18,000000 -20,200000
128 1572270614 0,000000 5,400000 18,000000 18,000000 -20,200000
128 1572270615 0,000000 5,400000 18,000000 18,000000 -20,200000
128 1572270616 0,000000 5,400000 18,000000 18,000000 -20,200000
128 1572270617 0,000000 5,400000 18,000000 18,000000 -20,200000
128 1572270618 0,000000 5,400000 18,000000 18,000000 -20,200000
128 1572270619 0,000000 5,400000 18,000000 18,000000 -20,200000
128 1572270620 0,000000 5,400000 18,000000 18,000000 -20,200000
128 1572270621 0,000000 5,400000 18,000000 18,000000 -20,200000
128 1572270622 0,000000 5,400000 18,000000 18,000000 -20,200000
128 1572270623 0,000000 5,400000 18,000000 18,000000 -20,200000
128 1572270624 0,000000 5,400000 18,000000 18,000000 -20,200000
128 1572270625 0,000000 5,400000 18,000000 18,000000 -20,200000
128 1572270626 0,000000 5,400000 18,000000 18,000000 -20,200000
128 1572270627 0,000000 5,400000 18,000000 18,000000 -20,200000
128 1572270628 0,000000 5,400000 18,000000 18,000000 -20,200000
128 1572270629 0,000000 5,400000 18,000000 18,000000 -20,200000
128 1572270630 0,000000 5,400000 18,000000 18,000000 -20,200000
128 1572270631 0,000000 5,400000 18,000000 18,000000 -20,200000
128 1572270632 0,000000 5,400000 18,000000 18,000000 -20,200000
128 1572270633 0,000000 5,400000 18,000000 18,000000 -20,200000
128 1572270634 0,000000 5,400000 18,000000 18,000000 -20,200000
128 1572270635 0,000000 5,400000 18,000000 18,000000 -20,200000
128 1572270636 0,000000 5,400000 18,000000 18,000000 -20,200000
128 1572270637 0,000000 5,400000 18,000000 18,000000 -20,200000
128 1572270638 0,000000 5,400000 18,000000 18,000000 -20,200000
128 1572270639 0,000000 5,400000 18,000000 18,000000 -20,200000
128 1572270640 0,000000 5,400000 18,000000 18,000000 -20,200000
128 1572270641 0,000000 5,400000 18,000000 18,000000 -20,200000
128 1572270642 0,000000 5,400000 18,000000 18,000000 -20,200000
128 1572270643 0,000000 5,400000 18,000000 18,000000 -20,200000
128 1572270644 0,000000 5,400000 18,000000 18,000000 -20,200000
128 1572270645 0,000000 5,400000 18,000000 18,000000 -20,200000
128 1572270646 0,000000 5,400000 18,000000 18,000000 -20,200000
128 1572270647 0,000000 5,400000 18,000000 18,000000 -20,200000
128 1572270648 0,000000 5,400000 18,000000 18,000000 -20,200000
128 1572270649 0,000000 5,400000 18,000000 18,000000 -20,200000
128 1572270650 0,000000 5,400000 18,000000 18,000000 -20,200000
128 1572270651 0,000000 5,400000 18,000000 18,000000 -20,200000
128 1572270652 0,000000 5,400000 18,000000 18,000000 -20,200000
128 1572270653 0,000000 5,400000 18,000000 18,000000 -20,200000
128 1572270654 0,000000 5,400000 18,000000 18,000000 -20,200000
128 1572270655 0,000000 5,400000 18,000000 18,000000 -20,200000
128 1572270656 0,000000 5,400000 18,000000 18,000000 -20,200000
128 1572270657 0,000000 5,400000 18,000000 18,000000 -20,200000
128 1572270658 0,000000 5,400000 18,000000 18,000000 -20,200000
128 1572270659 0,000000 5,400000 18,000000 18,000000 -20,200000
128 1572270660 0,000000 5,400000 18,000000 18,000000 -20,200000
128 1572270661 0,000000 5,400000 18,000000 18,000000 -20,200000
128 1572270662 0,000000 5,400000 18,000000 18,000000 -20,200000
128 1572270663 0,000000 5,400000 18,000000 18,000000 -20,200000
128 1572270664 0,000000 5,400000 18,000000 18,000000 -20,200000
128 1572270665 0,000000 5,400000 18,000000 18,000000 -20,200000
128 1572270666 0,000000 5,400000 18,000000 18,000000 -20,200000
128 1572270667 0,000000 5,400000 18,000000 18,000000 -20,200000
128 1572270668 0,000000 5,400000 18,000000 18,000000 -20,200000
128 1572270669 0,000000 5,400000 18,000000 18,000000 -20,200000
128 1572270670 0,000000 5,400000 18,000000 18,000000 -20,200000
128 1572270671 0,000000 5,400000 18,000000 18,000000 -20,200000
128 1572270672 0,000000 5,400000 18,000000 18,000000 -20,200000
128 1572270673 0,000000 5,400000 18,000000 18,000000 -20,200000
128 1572270674 0,000000 5,400000 18,000000 18,000000 -20,200000
128 1572270675 0,000000 5,400000 18,000000 18,000000 -20,200000
128 1572270676 0,000000 5,400000 18,000000 18,000000 -20,200000
128 1572270677 0,000000 5,400000 18,000000 18,000000 -20,200000
128 1572270678 0,000000 5,400000 18,000000 18,000000 -20,200000
128 1572270679 0,000000 5,400000 18,000000 18,000000 -20,200000
128 1572270680 0,000000 5,400000 18,000000 18,000000 -20,200000
128 1572270681 0,000000 5,400000 18,000000 18,000000 -20,200000
128 1572270682 0,000000 5,400000 18,000000 18,000000 -20,200000
128 1572270683 0,000000 5,400000 18,000000 18,000000 -20,200000
128 1572270684 0,000000 5,400000 18,000000 18,000000 -20,200000
128 1572270685 0,000000 5,400000 18,000000 18,000000 -20,200000
128 1572270686 0,000000 5,400000 18,000000 18,000000 -20,200000
128 1572270687 0,000000 5,400000 18,000000 18,000000 -20,200000
128 1572270688 0,000000 5,400000 18,000000 18,000000 -20,200000
128 1572270689 0,000000 5,400000 18,000000 18,000000 -20,200000
128 1572270690 0,000000 5,400000 18,000000 18,000000 -20,200000
128 1572270691 0,000000 5,400000 18,000000 18,000000 -20,200000
128 1572270692 0,000000 5,400000 18,000000 18,000000 -20,200000
128 1572270693 0,000000 5,400000 18,000000 18,000000 -20,200000
128 1572270694 0,000000 5,400000 18,000000 18,000000 -20,200000
128 1572270695 0,000000 5,400000 18,000000 18,000000 -20,200000
128 1572270696 0,000000 5,400000 18,000000 18,000000 -20,200000
128 1572270697 0,000000 5,400000 18,000000 18,000000 -20,200000
128 1572270698 0,000000 5,400000 18,000000 18,000000 -20,200000
128 1572270699 0,000000 5,400000 18,000000 18,000000 -20,200000
128 1572270700 0,000000 5,400000 18,000000 18,000000 -20,200000
128 1572270701 0,000000 5,400000 18,000000 18,000000 -20,200000
128 1572270702 0,000000 5,400000 18,000000 18,000000 -20,200000
128 1572270703 0,000000 5,400000 18,000000 18,000000 -20,200000
128 1572270704 0,000000 5,400000 18,000000 18,000000 -20,200000
128 1572270705 0,000000 5,400000 18,000000 18,000000 -20,200000
128 1572270706 0,000000 5,400000 18,000000 18,000000 -20,200000
128 1572270707 0,000000 5,400000 18,000000 18,000000 -20,200000
128 1572270708 0,000000 5,400000 18,000000 18,000000 -20,200000
128 1572270709 0,000000 5,400000 18,000000 18,000000 -20,200000
128 1572270710 0,000000 5,400000 18,000000 18,000000 -20,200000
128 1572270711 0,000000 5,400000 18,000000 18,000000 -20,200000
128 1572270712 0,000000 5,400000 18,000000 18,000000 -20,200000
128 1572270713 0,000000 5,400000 18,000000 18,000000 -20,200000
128 1572270714 0,000000 5,400000 18,000000 18,000000 -20,200000
128 1572270715 0,000000 5,400000 18,000000 18,000000 -20,200000
128 1572270716 0,000000 5,400000 18,000000 18,000000 -20,200000
128 1572270717 0,000000 6,000000 18,000000 18,000000 -20,200000
128 1572270718 0,000000 6,000000 18,000000 18,000000 -20,200000
128 1572270719 0,000000 6,000000 18,000000 18,000000 -20,200000
128 1572270720 0,000000 6,000000 18,000000 18,000000 -20,200000
128 1572270721 0,000000 6,000000 18,000000 18,000000 -20,200000
128 1572270722 0,000000 6,000000 18,000000 18,000000 -20,200000
128 1572270723 0,000000 6,000000 18,000000 18,000000 -20,200000
128 1572270724 0,000000 6,000000 18,000000 18,000000 -20,200000
128 1572270725 0,000000 6,000000 18,000000 18,000000 -20,200000
128 1572270726 0,000000 6,000000 18,000000 18,000000 -20,200000
128 1572270727 0,000000 6,000000 18,000000 18,000000 -20,200000
128 1572270728 0,000000 6,000000 18,000000 18,000000 -20,200000
128 1572270729 0,000000 6,000000 18,000000 18,000000 -20,200000
128 1572270730 0,000000 6,000000 18,000000 18,000000 -20,200000
128 1572270731 0,000000 6,000000 18,000000 18,000000 -20,200000
128 1572270732 0,000000 6,000000 18,000000 18,000000 -20,200000
128 1572270733 0,000000 6,000000 18,000000 18,000000 -20,200000
128 1572270734 0,000000 6,000000 18,000000 18,000000 -20,200000
128 1572270735 0,000000 6,000000 18,000000 18,000000 -20,200000
128 1572270736 0,000000 6,000000 18,000000 18,000000 -20,200000
128 1572270737 0,000000 6,000000 18,000000 18,000000 -20,200000
128 1572270738 0,000000 6,000000 18,000000 18,000000 -20,200000
128 1572270739 0,000000 6,000000 18,000000 18,000000 -20,200000
128 1572270740 0,000000 6,000000 18,000000 18,000000 -20,200000
128 1572270741 0,000000 6,000000 18,000000 18,000000 -20,200000
128 1572270742 0,000000 6,000000 18,000000 18,000000 -20,200000
128 1572270743 0,000000 6,000000 18,000000 18,000000 -20,200000
128 1572270744 0,000000 6,000000 18,000000 18,000000 -20,200000
128 1572270745 0,000000 6,000000 18,000000 18,000000 -20,200000
128 1572270746 0,000000 6,000000 18,000000 18,000000 -20,200000
128 1572270747 0,000000 6,000000 18,000000 18,000000 -20,200000
128 1572270748 0,000000 6,000000 18,000000 18,000000 -20,200000
128 1572270749 0,000000 6,000000 18,000000 18,000000 -20,200000
128 1572270750 0,000000 6,000000 18,000000 18,000000 -20,200000
128 1572270751 0,000000 6,000000 18,000000 18,000000 -20,200000
128 1572270752 0,000000 6,000000 18,000000 18,000000 -20,200000
128 1572270753 0,000000 6,000000 18,000000 18,000000 -20,200000
128 1572270754 0,000000 6,000000 18,000000 18,000000 -20,200000
128 1572270755 0,000000 6,000000 18,000000 18,000000 -20,200000
128 1572270756 0,000000 6,000000 18,000000 18,000000 -20,200000
128 1572270757 0,000000 6,000000 18,000000 18,000000 -20,200000
128 1572270758 0,000000 6,000000 18,000000 18,000000 -20,200000
128 1572270759 0,000000 6,000000 18,000000 18,000000 -20,200000
128 1572270760 0,000000 6,000000 18,000000 18,000000 -20,200000
128 1572270761 0,000000 6,000000 18,000000 18,000000 -20,200000
128 1572270762 0,000000 6,000000 18,000000 18,000000 -20,200000
128 1572270763 0,000000 6,000000 18,000000 18,000000 -20,200000
128 1572270764 0,000000 6,000000 18,000000 18,000000 -20,200000
128 1572270765 0,000000 6,000000 18,000000 18,000000 -20,200000
128 1572270766 0,000000 6,000000 18,000000 18,000000 -20,200000
128 1572270767 0,000000 6,000000 18,000000 18,000000 -20,200000
128 1572270768 0,000000 6,000000 18,000000 18,000000 -20,200000
128 1572270769 0,000000 6,000000 18,000000 18,000000 -20,200000
128 1572270770 0,000000 6,000000 18,000000 18,000000 -20,200000
128 1572270771 0,000000 6,000000 18,000000 18,000000 -20,200000
128 1572270772 0,000000 6,000000 18,000000 18,000000 -20,200000
128 1572270773 0,000000 6,000000 18,000000 18,000000 -20,200000
128 1572270774 0,000000 6,000000 18,000000 18,000000 -20,200000
128 1572270775 0,000000 6,000000 18,000000 18,000000 -20,200000
128 1572270776 0,000000 6,000000 18,000000 18,000000 -20,200000
128 1572270777 0,000000 6,000000 18,000000 18,000000 -20,200000
128 1572270778 0,000000 6,000000 18,000000 18,000000 -20,200000
128 1572270779 0,000000 6,000000 18,000000 18,000000 -20,200000
128 1572270780 0,000000 6,000000 18,000000 18,000000 -20,200000
128 1572270781 0,000000 6,000000 18,000000 18,000000 -20,200000
128 1572270782 0,000000 6,000000 18,000000 18,000000 -20,200000
128 1572270783 0,000000 6,000000 18,000000 18,000000 -20,200000
128 1572270784 0,000000 6,000000 18,000000 18,000000 -20,200000
128 1572270785 0,000000 6,000000 18,000000 18,000000 -20,200000
128 1572270786 0,000000 6,000000 18,000000 18,000000 -20,200000
128 1572270787 0,000000 6,000000 18,000000 18,000000 -20,200000
128 1572270788 0,000000 6,000000 18,000000 18,000000 -20,200000
128 1572270789 0,000000 6,000000 18,000000 18,000000 -20,200000
128 1572270790 0,000000 6,000000 18,000000 18,000000 -20,200000
128 1572270791 0,000000 6,000000 18,000000 18,000000 -20,200000
128 1572270792 0,000000 6,000000 18,000000 18,000000 -20,200000
128 1572270793 0,000000 6,000000 18,000000 18,000000 -20,200000
128 1572270794 0,000000 6,000000 18,000000 18,000000 -20,200000
128 1572270795 0,000000 6,000000 18,000000 18,000000 -20,200000
128 1572270796 0,000000 6,000000 18,000000 18,000000 -20,200000
128 1572270797 0,000000 6,000000 18,000000 18,000000 -20,200000
128 1572270798 0,000000 6,000000 18,000000 18,000000 -20,200000
128 1572270799 0,000000 6,000000 18,000000 18,000000 -20,200000
128 1572270800 0,000000 6,000000 18,000000 18,000000 -20,200000
128 1572270801 0,000000 6,000000 18,000000 18,000000 -20,200000
128 1572270802 0,000000 6,000000 18,000000 18,000000 -20,200000
128 1572270803 0,000000 6,000000 18,000000 18,000000 -20,200000
128 1572270804 0,000000 6,000000 18,000000 18,000000 -20,200000
128 1572270805 0,000000 6,000000 18,000000 18,000000 -20,200000
128 1572270806 0,000000 6,000000 18,000000 18,000000 -20,200000
128 1572270807 0,000000 6,000000 18,000000 18,000000 -20,200000
128 1572270808 0,000000 6,000000 18,000000 18,000000 -20,200000
128 1572270809 0,000000 6,000000 18,000000 18,000000 -20,200000
128 1572270810 0,000000 6,000000 18,000000 18,000000 -20,200000
128 1572270811 0,000000 6,000000 18,000000 18,000000 -20,200000
128 1572270812 0,000000 6,000000 18,000000 18,000000 -20,200000
128 1572270813 0,000000 6,000000 18,000000 18,000000 -20,200000
128 1572270814 0,000000 6,000000 18,000000 18,000000 -20,200000
128 1572270815 0,000000 6,000000 18,000000 18,000000 -20,200000
128 1572270816 0,000000 6,000000 18,000000 18,000000 -20,200000
128 1572270817 0,000000 6,000000 18,000000 18,000000 -20,200000
128 1572270818 0,000000 6,000000 18,000000 18,000000 -20,200000
128 1572270819 0,000000 6,000000 18,000000 18,000000 -20,200000
128 1572270820 0,000000 6,000000 18,000000 18,000000 -20,200000
128 1572270821 0,000000 6,000000 18,000000 18,000000 -20,200000
128 1572270822 0,000000 6,000000 18,000000 18,000000 -20,200000
128 1572270823 0,000000 6,000000 18,000000 18,000000 -20,200000
128 1572270824 0,000000 6,000000 18,000000 18,000000 -20,200000
128 1572270825 0,000000 6,000000 18,000000 18,000000 -20,200000
128 1572270826 0,000000 6,000000 18,000000 18,000000 -20,200000
128 1572270827 0,000000 6,000000 18,000000 18,000000 -20,200000
128 1572270828 0,000000 6,000000 18,000000 18,000000 -20,200000
128 1572270829 0,000000 6,000000 18,000000 18,000000 -20,200000
128 1572270830 0,000000 6,000000 18,000000 18,000000 -20,200000
128 1572270831 0,000000 6,000000 18,000000 18,000000 -20,200000
128 1572270832 0,000000 6,000000 18,000000 18,000000 -20,200000
128 1572270833 0,000000 6,000000 18,000000 18,000000 -20,200000
128 1572270834 0,000000 6,000000 18,000000 18,000000 -20,200000
128 1572270835 0,000000 6,000000 18,000000 18,000000 -20,200000
128 1572270836 0,000000 6,000000 18,000000 18,000000 -20,200000
128 1572270837 0,000000 6,600000 18,000000 18,000000 -20,200000
128 1572270838 0,000000 6,600000 18,000000 18,000000 -20,200000
128 1572270839 0,000000 6,600000 18,000000 18,000000 -20,200000
128 1572270840 0,000000 6,600000 18,000000 18,000000 -20,200000
128 1572270841 0,000000 6,600000 18,000000 18,000000 -20,200000
128 1572270842 0,000000 6,600000 18,000000 18,000000 -20,200000
128 1572270843 0,000000 6,600000 18,000000 18,000000 -20,200000
128 1572270844 0,000000 6,600000 18,000000 18,000000 -20,200000
128 1572270845 0,000000 6,600000 18,000000 18,000000 -20,200000
128 1572270846 0,000000 6,600000 18,000000 18,000000 -20,200000
128 1572270847 0,000000 6,600000 18,000000 18,000000 -20,200000
128 1572270848 0,000000 6,600000 18,000000 18,000000 -20,200000
128 1572270849 0,000000 6,600000 18,000000 18,000000 -20,200000
128 157227